0.9266875375 0.92668686875 0.95112451875 0.9266875375 0.902250875 0.92668785625 0.90224951875 0.92668929375 0.9511249375 0.90224971875 0.9266875375 0.95112495 0.90225046875 0.9511253625 0.8778122625 
0.8778111125 0.85337321875 0.90224819375 0.8778111125 0.9022513625 0.9511247125 0.85337400625 0.8044984375 0.85337321875 0.926688625 0.85337325625 0.9022502875 0.92668875 0.8533753 0.97556214375 
0.87781339375 0.87781339375 0.85337631875 0.87781339375 0.87781405625 0.85337501875 0.9022505625 0.92668823125 0.877812325 0.8778116875 0.87781339375 0.902251175 0.9266891625 0.9022501375 0.95112503125 
0.92668668125 0.92668576875 0.9511236625 0.92668668125 0.90225295625 0.8533741125 0.97556129375 0.8045022625 0.92668576875 0.95112518125 0.92668668125 0.85337445 0.9022512125 0.8533756125 0.87781189375 
0.853376225 0.90225105625 0.9266881125 0.853376225 0.9022509625 0.90225043125 0.95112533125 0.975562875 0.92668795625 0.9022488375 0.8778140625 0.85337486875 0.90225105625 0.78006261875 0.9511237125 
0.85337403125 0.8778110125 0.9022486125 0.8289360875 0.87781318125 0.85337401875 0.926686625 0.73118616875 0.8778110125 0.87781215625 0.85337403125 0.8044986875 0.9266888625 0.926687075 0.87781228125 
0.92668745 0.87781344375 0.92668745 0.92668745 0.90224828125 0.9022500875 0.8778120625 0.9022517625 0.87781344375 0.9022494125 0.90224935 0.9022490125 0.90225093125 0.8533730875 0.9266859375 
0.8045012375 0.804500325 0.8289381625 0.8045012375 0.8045022625 0.82893794375 0.8289377375 0.95112463125 0.8533743875 0.92668686875 0.828939075 0.7800621375 0.9022500875 0.92668886875 0.85337579375 
0.85337391875 0.87781179375 0.8289363 0.85337391875 0.9755619875 0.87781299375 0.92668705 0.9266872625 0.90224869375 0.97556285625 0.85337391875 0.8778110125 0.9022499 0.92668715 0.9266861 
0.87781431875 0.87781431875 0.9266884875 0.87781431875 0.902251575 0.8778133875 0.95112516875 0.7800661375 0.87781431875 0.90225185 0.87781431875 0.87781165 0.9022512125 0.9266883 0.97556304375 
0.97556325625 0.97556325625 0.9022515125 0.97556325625 0.87781390625 0.92668804375 0.95112590625 0.87781320625 0.97556325625 0.951125775 0.97556325625 0.975561975 0.8533771 0.8533759375 0.8533748625 
0.92668806875 0.9266873875 1.0 0.92668806875 0.92668806875 0.828937525 0.9511238125 0.95112498125 0.9266873875 0.97556343125 0.9022502125 0.9022493 0.87781221875 0.92668734375 0.828937325 
0.97556294375 1.0 0.951125325 0.97556294375 0.9266877875 0.97556264375 1.0 0.78006605625 1.0 0.8778126875 0.97556294375 0.90224964375 0.9266905875 0.80450014375 0.9266875125 
0.92668719375 0.9022493125 0.9022493125 0.92668719375 0.926687625 0.90225011875 0.877813475 0.9511247125 0.9022493125 0.92668876875 0.92668719375 0.82893550625 0.9755629625 0.902250275 0.92668680625 
0.90225098125 0.9511258125 0.92668795 0.90225098125 0.92668814375 0.90225045 0.95112514375 0.9266866375 0.975562975 0.95112435625 0.877813125 0.90224993125 0.95112504375 0.90224985625 0.9266864125 
0.95112534375 0.9755624 0.92668825 0.95112534375 0.9511266625 0.95112504375 0.97556283125 0.85337655 0.9511254375 0.8778136125 0.9266874875 0.9266886625 0.8778148625 0.975563075 0.85337676875 
0.8778116 0.85337371875 0.804499025 0.90224924375 0.90225024375 0.9266863 0.87781199375 0.87781420625 0.85337371875 0.90225033125 0.8778116 0.95112408125 0.9022513375 0.92668800625 0.9022495875 
0.8533762875 0.8289378125 0.82893840625 0.8533762875 0.82893935 0.90225030625 0.90224925 0.92668726875 0.8533747125 0.8778126625 0.8533762875 0.7800626 0.877814925 0.902249325 0.9511254 
0.853373725 0.85337370625 0.853372675 0.853373725 0.82893858125 0.80449823125 0.92668611875 0.8778138375 0.85337370625 0.8289408625 0.853373725 0.8778099125 0.85337641875 0.78006263125 0.8778110375 
0.8533768125 0.877814675 0.87781389375 0.8533768125 0.87781379375 0.8533755875 0.951125525 0.90224991875 0.877814675 0.780064125 0.8533768125 0.9022506375 0.92668843125 0.951124775 0.92668911875 
0.87781254375 0.92668658125 0.902249525 0.8533746 0.90224999375 0.9266870125 0.92668658125 0.8044988625 0.9022486125 0.8289360125 0.87781254375 0.90225059375 0.9511244 0.951125075 0.87781365 
0.828935675 0.8533735375 0.80449805625 0.828935675 0.804498 0.90224998125 0.8778118625 0.92668649375 0.90224876875 0.87781291875 0.828935675 0.8778101 0.82893659375 0.9022481375 0.97556245 
0.87781149375 0.90224936875 0.8533729125 0.87781149375 0.85337606875 0.92668743125 0.8778113375 0.926685925 0.90224936875 0.90224958125 0.85337339375 0.926687075 0.8289376125 0.8289368375 0.853374125 
0.8778137625 0.902251625 0.85337614375 0.8778137625 0.9022502375 0.8533756 0.90224936875 0.95112540625 0.8778146625 0.9022513375 0.82893780625 0.90224966875 0.95112519375 0.85337313125 0.87780949375 
0.7800614 0.8044992625 0.80449979375 0.80449904375 0.85337335625 0.85337384375 0.85337549375 0.95112473125 0.80449845625 0.9266870375 0.7800614 0.80449804375 0.87781353125 0.85337360625 0.87781085 
0.82893751875 0.82893751875 0.8778122875 0.804499575 0.82893828125 0.8533741375 0.90224909375 0.82893628125 0.85337441875 0.8289361375 0.82893751875 0.85337295625 0.85337564375 0.9511237875 0.9266862 
0.8533753875 0.8533756 0.85337613125 0.8533753875 0.9266879875 0.85337415625 0.9511249125 0.8289404625 0.82893835625 0.9266881625 0.877813225 0.87781204375 0.902249575 0.9022494375 0.97556236875 
0.9266878 0.95112478125 0.9511253 0.9266878 0.951124625 0.90225033125 0.92668753125 0.92668845625 0.95112478125 0.87781306875 0.9266878 0.8778114125 0.90225025625 0.95112401875 0.8044996375 
0.92668866875 0.92668888125 0.92668866875 0.92668866875 0.9022517125 0.9022512 0.97556355625 0.9022516375 0.92668888125 0.87781250625 0.92668866875 0.902251525 0.90225134375 0.9266872125 0.90224921875 
0.90225070625 0.8778128125 0.90225070625 0.90225070625 0.95112400625 0.90225110625 0.85337654375 0.9022498 0.85337589375 0.82893685 0.9266875625 0.95112543125 0.87781249375 0.9266872375 0.80449785625 
0.8533772875 0.85337690625 0.87781426875 0.8533772875 0.9022506375 0.87781515625 0.9266876 0.97556301875 0.9266890375 0.87781296875 0.87781414375 0.87781270625 0.85337605 0.90224885625 0.9022492125 
0.85337505 0.85337501875 0.8778128875 0.85337505 0.90225125625 0.82893745625 0.85337456875 0.92668798125 0.85337501875 0.853376375 0.8778128875 0.87781293125 0.85337549375 0.85337426875 0.804499975 
0.8533767875 0.8533767875 0.8778143875 0.8533767875 0.8289386 0.8533764875 0.92668778125 0.9266882625 0.8533767875 0.902251725 0.8533767875 0.85337456875 0.85337551875 0.9755628125 0.85337465 
0.92668734375 0.92668734375 0.90225026875 0.92668734375 0.8533747875 0.97556248125 0.92668919375 0.90224973125 0.90225038125 0.87781356875 0.92668734375 0.95112516875 0.95112566875 1.0 0.92668676875 
0.9266884625 0.9266884625 0.9266884625 0.9266884625 0.92668735 0.90225015625 0.9266884625 0.9022502375 0.9266884625 0.95112479375 0.9266884625 0.82893804375 0.90225110625 0.95112546875 0.87781026875 
0.92668665 0.902249 0.92668665 0.92668665 0.9266868375 0.92668744375 0.95112390625 0.877811425 0.8778120375 0.87781221875 0.92668665 0.975561775 0.9511247125 0.9511243375 0.85337264375 
0.9266872 0.90224931875 0.902249125 0.9266872 0.902250875 0.92668795625 0.87781128125 0.90225005625 0.902250425 0.95112520625 0.9266872 0.8778120625 0.80450156875 0.87781381875 0.90224950625 
0.90224945625 0.92668733125 0.8533745625 0.90224945625 0.92668656875 0.90224915625 0.87781216875 0.877815675 0.92668733125 0.8778129875 0.90224945625 0.951124 0.8778110375 0.9022498875 0.82893753125 
0.87781285 0.87781285 0.87781285 0.87781285 0.9022500125 0.9755624 0.82893739375 0.95112455625 0.9022500125 0.95112429375 0.87781285 0.87781166875 0.78006411875 0.9511244375 0.8533733375 
0.902250975 0.902250975 0.92668936875 0.902250975 0.87781245625 0.90224979375 0.87781338125 0.9266882 0.87781300625 0.82893518125 0.902250975 0.87781185625 0.92668820625 0.902250325 1.0 
0.87781203125 0.902249 0.9266866 0.87781203125 0.9511252375 0.82893630625 0.877813375 0.90224960625 0.9022489375 0.95112459375 0.853374175 0.90224963125 1.0 0.85337425625 0.9266863375 
0.87781129375 0.8533734 0.9022496875 0.87781129375 0.8778107375 0.92668671875 0.90225005 0.95112494375 0.8533734 0.8533748125 0.87781129375 0.90224893125 0.9022484 0.92668724375 0.92668759375 
0.8533748375 0.8533748375 0.8533748375 0.82893689375 0.82893728125 0.85337393125 0.8289389 0.902249575 0.8533748375 0.90224801875 0.8533748375 0.8533748375 0.90225163125 0.9755618625 0.9511244 
0.975562125 0.97556335625 0.975562125 0.975562125 0.877812275 0.95112476875 0.9755613625 0.95112613125 0.9266879 0.78006321875 0.975562125 0.95112476875 0.975563375 0.75562505625 0.92668661875 
0.82893889375 0.853375875 0.80449990625 0.82893889375 0.87781346875 0.8045017875 0.82893809375 0.8045033375 0.853375875 0.90224954375 0.82893889375 0.90225070625 0.87781408125 0.951125525 0.92668868125 
0.9022482875 0.85337428125 0.8778104125 0.9022482875 0.92668829375 0.926687125 0.90224834375 0.85337415 0.82893731875 0.8289384125 0.9022482875 0.90224741875 0.90225076875 0.9511246875 0.9266856125 
0.9511252 0.95112480625 0.95112511875 0.9511252 0.87781265625 0.87781329375 0.92668846875 0.95112531875 0.95112480625 0.877810875 0.9511252 0.97556303125 0.9511250125 0.9022486875 0.87781243125 
0.82893570625 0.8044990625 0.8044976125 0.82893570625 0.82893831875 0.82893608125 0.90224818125 0.90224789375 0.80449964375 0.90225036875 0.82893570625 0.82893585625 0.853376475 0.9022503375 0.95112326875 
0.9022511 0.9511251375 0.90225103125 0.9022511 0.87781339375 0.90225061875 0.926688025 0.87781281875 0.9511251375 1.0 0.9022511 0.85337493125 0.8533761625 1.0 0.828938175 
0.87781194375 0.9022489125 0.92668675 0.87781194375 0.90224976875 0.9022498125 0.926686425 0.87781299375 0.87781195 0.97556250625 0.90224978125 0.85337214375 0.9022506375 0.95112343125 0.92668689375 
0.85337478125 0.8533760125 0.87781135 0.85337478125 0.87781460625 0.87781351875 0.87781323125 0.9266877875 0.877813175 0.7800654125 0.85337478125 0.9266871625 0.90225123125 0.95112484375 0.87781101875 
0.8533735 0.8533735 0.8533742875 0.8533735 0.9266873125 0.85337403125 0.78006300625 0.951123 0.8778106625 0.8289371875 0.8778113375 0.87781121875 0.9022488375 0.9022489625 0.97556170625 
0.85337675625 0.85337675625 0.7800647875 0.85337675625 0.9511249 0.95112643125 0.853376225 0.951125525 0.87781391875 0.82893811875 0.85337675625 0.92668750625 0.82893870625 0.90224906875 0.8778116625 
0.9022509625 0.92668801875 0.92668753125 0.87781301875 0.9022506375 0.9022497125 0.92668740625 0.75562596875 0.90225105625 0.82893823125 0.87781310625 0.9266883875 0.902250425 0.90225101875 0.85337508125 
0.902249225 0.902249225 0.87781113125 0.902249225 0.92668890625 0.9266882125 0.82893739375 0.85337545625 0.902249225 0.9511250625 0.87781136875 0.8778118875 0.9022501125 0.902247925 0.8533761625 
0.8778140125 0.8778140125 0.90225109375 0.8778140125 0.8778125375 0.90225109375 0.975562075 0.9511247 0.9022509125 0.9022502125 0.90225086875 0.9022506375 0.95112639375 0.8289365125 0.9266857375 
0.9266884125 0.95112546875 0.90225031875 0.9266884125 0.90225126875 0.9022501875 0.8778125875 0.9266894375 0.97556236875 0.9755625875 0.9266884125 0.828936525 0.92669046875 0.90225014375 0.92668720625 
0.902246725 0.902246725 0.87780885 0.92668436875 0.97556205625 0.9022483 0.877809925 0.87781126875 0.902246725 0.828937025 0.902246725 0.926685375 0.9755635 0.926687525 0.90224955 
0.82893694375 0.8778117875 0.8533739125 0.82893694375 0.8778122125 0.877812175 0.853375525 0.87781126875 0.92668701875 0.97556215625 0.82893694375 0.804497975 0.902248575 0.9266875625 0.87781151875 
0.95112589375 0.95112623125 0.951125825 0.95112589375 0.87781541875 0.97556301875 0.9511255875 0.8778136875 0.92668926875 0.80450233125 0.95112589375 0.9266883 0.80450318125 0.85337485 0.87781148125 
0.9511242375 0.9755621 0.9511242375 0.9511242375 0.95112605 0.90224929375 0.9511236125 0.87781390625 0.9755621 0.8289379 0.9511242375 0.82893560625 0.95112615625 0.85337439375 0.926685375 
0.92668770625 0.92668770625 0.9022496125 0.9022497625 0.87781258125 0.90225105625 0.90224939375 0.9266869375 0.90225074375 0.9022497375 0.92668770625 0.90224916875 0.92668751875 0.97556239375 0.8045007 
0.87781290625 0.9022499625 0.82893855625 0.87781290625 0.8533766 0.92668725 0.8778130375 0.877813375 0.9022499625 0.85337579375 0.87781290625 0.87781305 0.95112671875 0.95112411875 0.90224965625 
0.92668719375 0.92668719375 0.92668719375 0.92668719375 0.9755619 0.92668719375 0.87781075 1.0 0.92668719375 0.8778113125 0.90224909375 0.9266860125 0.8533749625 0.85337415 1.0 
0.92668854375 0.92668854375 0.951125625 0.9022506 0.9022498875 0.951125625 0.9755626375 0.87781108125 0.90225105625 0.9266869625 0.9511254 0.9022491625 0.92668760625 0.85337274375 0.90224965625 
0.82893804375 0.8289380375 0.7800628875 0.82893804375 0.85337844375 0.87781410625 0.8289378 0.92668773125 0.8533749375 0.975562625 0.82893804375 0.82893769375 0.87781370625 0.9511261875 0.9022486 
0.853373775 0.853373775 0.853373775 0.853373775 0.92668713125 0.853374175 0.85337436875 0.87780984375 0.853373775 0.95112533125 0.87781063125 0.9022485 0.9022504875 0.8533732375 0.804497525 
0.8289374875 0.8289374875 0.8289374875 0.8289374875 0.90224964375 0.877813425 0.9022497875 0.9266866125 0.8533743875 0.9266867625 0.8044993875 0.8778124375 0.95112496875 0.9022493375 0.9266878375 
0.8778123125 0.902250175 0.87781211875 0.8778123125 0.90225094375 0.90225045625 0.7556249 0.951124175 0.902250175 1.0 0.8778123125 0.92668804375 0.90224903125 0.9022483875 0.95112525 
0.85337489375 0.8045008875 0.877811975 0.8778125375 0.92668750625 0.85337509375 0.85337343125 0.8045011625 0.8045008875 0.8289372125 0.85337489375 0.9022467875 0.8778126625 0.9266881375 0.902249325 
0.9022499 0.8778125375 0.92668698125 0.9022499 0.9266878 0.90224961875 0.90225051875 0.92668729375 0.853375575 0.9511248125 0.9022499 0.87781066875 0.9266862125 0.90224905 0.95112500625 
0.9022480625 0.85337280625 0.9511235 0.87781011875 0.926686675 0.8778107 0.9022507 0.8778112 0.85337280625 0.90225020625 0.9266859 0.85337065 0.90225099375 0.97556210625 0.95112546875 
0.95112604375 0.9755631 0.92668876875 0.95112604375 0.95112606875 0.92668760625 0.951125825 0.90225061875 1.0 0.85337521875 0.95112604375 0.90224903125 0.82893691875 0.85337669375 0.73118779375 
0.95112448125 0.9266866 0.92668794375 0.95112448125 0.90224971875 0.95112346875 0.92668770625 0.9511247375 0.9266866 0.90225030625 0.926686625 0.9511238125 0.97556196875 0.87781173125 0.82893681875 
0.87781175625 0.90224961875 0.85337464375 0.87781175625 0.82893783125 0.87781175625 0.78006191875 0.90224994375 0.90224961875 0.95112535625 0.90224959375 0.87781181875 0.9511240125 0.90224784375 0.90225019375 
0.95112431875 0.926687675 0.95112431875 0.95112431875 0.9511272875 0.92668629375 0.87781081875 1.0 0.926687675 0.80449980625 0.95112431875 0.9755621 0.85337718125 0.9266875625 0.87781096875 
0.90224869375 0.87781079375 0.8778108125 0.90224869375 0.90224996875 0.95112385 0.9022488625 0.926690075 0.85337330625 0.95112585 0.87781059375 0.902248325 0.87781535625 0.877811275 0.9266866875 
0.90225074375 0.90225074375 0.92668843125 0.90225074375 0.82893745625 0.926687975 0.80449921875 0.95112600625 0.877813825 0.90225163125 0.90225074375 0.90224958125 0.8045003375 1.0 0.92668760625 
0.8778131375 0.87781335 0.90224970625 0.85337519375 0.90224968125 0.80449944375 0.9511246625 0.97556205625 0.87781335 0.87781354375 0.8778131375 0.92668650625 0.9022501375 0.7556229125 0.92668604375 
0.90224958125 0.9266865625 0.9266865625 0.926687225 0.9511255 0.877812775 0.97556235625 0.85337746875 0.9022496 0.90225116875 0.90224958125 0.85337385 0.97556196875 0.92668738125 0.92668636875 
0.8045006375 0.82893761875 0.82893761875 0.78006269375 0.70675045625 0.82893893125 0.8533747875 0.828941975 0.82893761875 0.87781188125 0.8045006375 0.8533738625 0.90225175625 0.9022506 0.85337359375 
0.828936225 0.828936225 0.85337461875 0.828936225 0.80449886875 0.8778098875 0.90224934375 0.92668775625 0.828936225 0.90224946875 0.828936225 0.90224785625 0.87781188125 0.9266875 0.90225009375 
0.902248475 0.92668544375 0.95112328125 0.902248475 0.8533760875 0.95112519375 0.97556193125 0.853373975 0.92668655 0.8289378625 0.9266863125 0.85337479375 0.8778132625 0.853374575 0.8778105375 
0.9755619875 0.9511243375 0.9755619875 0.9755619875 0.9755619875 0.95112416875 0.92668795625 0.92668888125 0.9511243375 0.9511245 0.9755619875 0.9266851375 0.92668695625 0.877811175 0.926686575 
0.9266874 0.951125275 0.92668740625 0.95112504375 0.92668951875 0.9022495375 0.9266871625 0.9511250375 0.951125275 0.87781156875 0.9266874 0.853373275 0.90224925 0.87781095625 0.9511243125 
0.8045017375 0.8289396125 0.80450154375 0.8045017375 0.87781280625 0.85337481875 0.80450153125 0.9755627125 0.877813675 0.975561775 0.7800636375 0.9022512625 0.90224928125 0.80449976875 0.902248325 
0.90225013125 0.9266871 0.902250025 0.90225013125 0.87781411875 0.828937675 0.9022480375 0.87781225 0.9266871 0.9022508125 0.90225013125 0.877812775 0.8045001 0.90225016875 0.9022520875 
0.85337620625 0.82893884375 0.902250375 0.85337620625 0.926688425 0.85337625625 0.877812925 0.877811425 0.82893884375 0.92668854375 0.85337620625 0.9266877875 0.8533748875 0.92668689375 0.9022504125 
0.8533736875 0.8533741875 0.8289366125 0.8533736875 0.828936525 0.90225085625 0.9022503125 0.853374275 0.80450030625 0.95112429375 0.87781054375 0.8289350875 0.95112581875 0.9266879625 0.92668689375 
0.87781369375 0.9022506625 0.9022506625 0.87781369375 0.8533758 0.877812625 0.9266877875 0.9022503 0.90225064375 0.8778129625 0.87781369375 0.9022496125 0.9266881375 0.9022483875 0.82893435 
0.85337593125 0.87781380625 0.8289378375 0.85337593125 0.8778128625 0.87781305625 0.92668798125 0.9266899625 0.90225070625 0.87781245625 0.85337593125 0.82893750625 0.8778147375 0.90224795625 0.90224833125 
0.82893615 0.8778118875 0.82893565625 0.82893615 0.90225035 0.8289347125 0.8289364125 0.9022498125 0.90224905 0.9266890875 0.82893615 0.90224946875 0.85337235 0.92668745 0.97556295 
0.9755621 0.9755621 0.9755621 0.95112415625 0.82893836875 0.92668671875 0.8533759125 0.95112555625 0.95112518125 0.902249925 0.9755621 0.9266870125 0.8778148625 0.90224879375 0.97556150625 
0.8778125375 0.85337589375 0.8778125375 0.8778125375 0.82893868125 0.95112554375 0.90224889375 0.951126025 0.85337589375 0.87781428125 0.8778125375 0.92668733125 0.90225211875 0.90225106875 0.97556176875 
0.8533747875 0.90224963125 0.92668541875 0.8533747875 0.82893854375 0.8778124125 0.92668633125 0.82893593125 0.90224963125 0.82893845 0.8533747875 0.902249525 0.926688075 0.87781235 0.9022505625 
0.73118899375 0.73118950625 0.80450048125 0.73118899375 0.7800651875 0.80450020625 0.92668765 0.87781189375 0.75562640625 0.9022501625 0.731188975 0.87781228125 0.87781328125 0.9266868375 0.8778107125 
0.9022505875 0.877813225 0.90225039375 0.9022505875 0.9266896 0.9266875375 0.92668866875 0.97556195625 0.877813225 0.92668836875 0.9022505875 0.87781131875 0.804500525 0.9755628125 0.85337334375 
0.97556303125 0.951125475 0.97556211875 0.9511250875 0.90225145625 0.9266865875 0.92668570625 0.78006380625 0.9266885125 0.90225123125 0.951125175 0.9511258875 0.8533769625 0.90224949375 0.92668800625 
0.8533766625 0.87781363125 0.92668906875 0.8533766625 0.87781393125 0.8778137875 0.92668756875 0.828937375 0.87781363125 0.90225045625 0.8778145 0.82893743125 0.90225128125 0.8778135 0.87781299375 
0.9755624 0.9755624 0.975562725 0.9755624 0.95112763125 0.951124375 0.951125275 0.9266888375 0.9755624 0.877813375 0.9755624 0.95112509375 0.82893784375 0.902250725 0.85337391875 
